 551.806820      -7.42      4.00   17.782   0.027      0
 552.919852       1.29      4.09   17.724   0.027      0
 553.825572     -99.00    -99.00   -1.000  -1.000   6147
 554.726117       6.66      5.65   17.689   0.036      0
 557.901218     -99.00    -99.00   -1.000  -1.000   6147
 559.730187       5.57      5.72   17.696   0.036      0
 559.756416       3.78      9.90   17.708   0.063     32
 560.899502       9.93      4.91   17.669   0.030      0
 561.695531     -13.59      4.43   17.825   0.032      0
 562.756247       5.08      4.82   17.699   0.031      0
 563.848758       5.48      4.76   17.697   0.030      0
 567.755908     -99.00    -99.00   -1.000  -1.000   6147
 568.754413     -99.00    -99.00   -1.000  -1.000   6147
 569.723807     -99.00    -99.00   -1.000  -1.000   6147
 570.719868      -1.06      4.45   17.739   0.029      0
 572.744084     -14.81      4.98   17.834   0.036      0
 573.778374     -21.11      3.64   17.880   0.027      0
 574.715665     -19.14      4.10   17.865   0.030      0
 575.649298      -7.97      6.79   17.786   0.047      0
 576.629691      10.98      6.48   17.662   0.040      0
 577.776265     -99.00    -99.00   -1.000  -1.000   6147
 578.630073       1.84      5.48   17.720   0.036      0
 578.885936     -26.43      3.98   17.921   0.031      0
 581.626047     -99.00    -99.00   -1.000  -1.000   6147
 582.639932      -9.47      5.82   17.796   0.040      0
 583.634727     -99.00    -99.00   -1.000  -1.000   6147
 583.922129      -8.37      5.68   17.788   0.039      0
 587.649062      -5.49      9.97   17.769   0.068     32
 588.906227     -21.78      4.36   17.885   0.033      0
 590.909968       0.07      8.45   17.732   0.055      0
 596.623644       1.19      4.91   17.724   0.032      0
 599.931303     -14.70      5.56   17.833   0.040      0
 601.655105       5.24      3.82   17.698   0.024      0
 601.878910       6.90      4.41   17.688   0.028      0
 602.601064      21.43      3.50   17.600   0.020   1024
 605.822521      10.38      4.80   17.666   0.030      0
 606.834842     -14.84      4.52   17.834   0.033      0
 607.831535       4.69      4.21   17.702   0.027      0
 608.823193       1.38      4.00   17.723   0.026      0
 614.895789       8.29      4.87   17.679   0.030      0
 615.860293       7.00      4.99   17.687   0.031      0
 616.855016       5.47      6.01   17.697   0.038      0
 616.861579      10.56      6.17   17.665   0.038      0
 618.695659     -20.98     13.76   17.879   0.104      0
 622.832069       5.63      5.07   17.696   0.032      0
 623.774906      -4.77      4.47   17.764   0.030      0
 624.790750     -18.57      4.33   17.861   0.032      0
 625.873595       4.49      4.70   17.703   0.030      0
 626.735721       5.20      4.88   17.698   0.031      0
 627.734847      -3.72      4.53   17.757   0.030      0
 628.851390      10.82      5.63   17.663   0.035      0
 629.802018       9.26      5.08   17.673   0.032      0
 632.674032      -0.84      4.45   17.738   0.029      0
 633.821572     -16.56      4.05   17.846   0.030      0
 635.653923     -11.29      4.63   17.809   0.033      0
 643.791363       0.65      4.87   17.728   0.032      0
 645.629947       3.68      4.10   17.708   0.026      0
 652.736140       4.35      4.02   17.704   0.026      0
 653.588901     -19.11      3.47   17.865   0.026      0
 655.665514     -11.17      3.86   17.808   0.027      0
 656.775793       6.23      4.49   17.692   0.028      0
 657.745233      -0.44      4.59   17.735   0.030      0
 664.650054     -19.32      4.57   17.867   0.034      0
 665.778316      -7.73      4.42   17.784   0.030      0
 666.538730      15.04      4.30   17.638   0.026      0
 667.787491     -99.00    -99.00   -1.000  -1.000   6147
 669.540244     -18.73      4.06   17.862   0.030      0
 670.625053      12.03      4.99   17.656   0.030      0
 670.635897       7.90      4.15   17.681   0.026      0
 671.758492       7.70      4.48   17.683   0.028      0
 685.586657     -21.79      4.33   17.885   0.033      0
 688.543763      10.37      5.15   17.666   0.032      0
 689.506248       2.99      3.93   17.713   0.025      0
 694.511111      -2.23      4.80   17.747   0.032      0
 698.648528      17.51      5.30   17.623   0.031      0
 701.594371      18.73      8.82   17.616   0.052      0
 704.593875      22.34      8.45   17.595   0.049      0
 707.508349       6.78      6.00   17.688   0.038      0
 712.647104       8.04      5.68   17.681   0.036      0
 716.563696       2.30      7.10   17.717   0.046      0
 722.586134     -16.83      7.19   17.848   0.052      0
 728.562979       8.83      5.26   17.676   0.033      0
 741.556143     -16.39      4.84   17.845   0.035      0
 748.504863      -8.25      8.93   17.787   0.062      0
 887.857517       7.27      5.48   17.685   0.034      0
 895.835275      -2.48      4.17   17.748   0.028      0
 898.848213     -15.01      3.98   17.835   0.029      0
 918.890647       9.99      5.66   17.668   0.035      0
 925.856802       2.39      4.24   17.716   0.027      0
 930.893907       8.24      5.20   17.679   0.032      0
 933.851171     -99.00    -99.00   -1.000  -1.000   6147
 936.738410      -1.00      4.18   17.739   0.028      0
 937.883393       4.23      6.18   17.705   0.040      0
 939.898114     -99.00    -99.00   -1.000  -1.000   6147
 940.853356     -12.79      6.01   17.819   0.043      0
 941.677362       0.16      5.50   17.731   0.036      0
 950.676954       9.85      5.09   17.669   0.032      0
 951.819995       4.58      4.52   17.702   0.029      0
 953.778671     -99.00    -99.00   -1.000  -1.000   6147
 962.769272       7.46      4.94   17.684   0.031      0
 964.820744       1.94      4.80   17.719   0.031   1024
 965.810562      -1.41      5.40   17.741   0.036      0
 966.721186      10.95      3.96   17.662   0.024      0
 971.898656     -25.92      4.65   17.917   0.036      0
 985.711656      -2.84      3.94   17.751   0.026      0
 989.764905       3.57      5.52   17.709   0.035      0
 990.841790      -7.19      4.97   17.780   0.034      0
 991.736196       9.60      4.72   17.671   0.029      0
 995.807797       4.67      6.73   17.702   0.043      0
 995.822102       5.97      8.61   17.694   0.055      0
 997.675875      11.78      4.53   17.657   0.028      0
1006.669815     -15.92      5.19   17.842   0.038      0
1006.677743     -24.11      5.30   17.903   0.041      0
1021.593593     -11.76      4.66   17.812   0.033      0
1026.657356       8.11      4.90   17.680   0.031      0
1036.573766     -23.94      4.44   17.901   0.034      0
1040.703483       8.83      4.74   17.676   0.030      0
1046.660077       5.86      5.34   17.694   0.034      0
1047.650922     -13.40      5.28   17.824   0.038      0
1048.611769       2.65      4.95   17.715   0.032      0
1049.670512     -14.78      4.80   17.833   0.035      0
1051.630704      -1.63      6.31   17.743   0.042      0
1054.688876      18.85      4.51   17.615   0.027      0
1060.576875       1.54      6.55   17.722   0.043      0
1064.663531       7.53      7.66   17.684   0.048      0
1065.638092      -0.75      6.63   17.737   0.044      0
1069.623034     -26.94      4.55   17.925   0.036      0
1077.574850       2.68      5.22   17.715   0.034      0
1080.569809      49.23      4.45   17.450   0.022   1024
1087.618106      15.95      6.97   17.632   0.042      0
1089.631889     -38.66      7.78   18.021   0.067      0
1091.574222       4.65      6.85   17.702   0.044      0
1107.572041     -15.80      5.41   17.841   0.039      0
1114.565588      -7.62      7.58   17.783   0.052      0
1232.885690     -99.00    -99.00   -1.000  -1.000   6147
1240.894992     -16.39      6.47   17.845   0.047      0
1245.827843     -99.00    -99.00   -1.000  -1.000   6147
1253.861450      16.18      5.07   17.631   0.030      0
1255.895552     -28.32      5.05   17.936   0.040      0
1259.894768       5.60      5.06   17.696   0.032      0
1262.856289     -24.03      4.87   17.902   0.037      0
1266.811705     -21.29      5.96   17.881   0.045      0
1268.856271      11.42      5.34   17.660   0.033      0
1280.749330       5.08      5.74   17.699   0.037      0
1288.901464      -7.41      4.15   17.782   0.028      0
1289.758136     -12.01      4.49   17.814   0.032      0
1290.904695     -25.90      4.58   17.917   0.036      0
1295.688411     -25.51      6.50   17.914   0.050      0
1297.781661     -21.19      5.15   17.881   0.039      0
1299.698157      13.18      5.71   17.649   0.035      0
1305.918811     -26.88      6.15   17.924   0.048      0
1306.872815     -99.00    -99.00   -1.000  -1.000   6147
1308.697942     -20.86      4.21   17.878   0.032      0
1312.918649      -7.86      5.20   17.785   0.036      0
1315.878229       1.47      5.11   17.722   0.033      0
1316.877895      -1.11      4.85   17.739   0.032      0
1319.746274     -12.09      4.02   17.814   0.028      0
1320.871426       5.45      4.67   17.697   0.030      0
1332.734321      16.85     13.67   17.627   0.081      0
1335.787094      -0.49      4.26   17.735   0.028      0
1338.823810     -11.36      4.92   17.809   0.035      0
1340.708196     -19.70      4.61   17.869   0.034      0
1345.783601       5.79      4.88   17.695   0.031      0
1346.785501       2.37      4.48   17.717   0.029      0
1347.621194       7.96      4.37   17.681   0.027      0
1347.847434       4.77      5.45   17.701   0.035      0
1348.691945       5.86      4.23   17.694   0.027      0
1349.653250     -35.70      4.17   17.996   0.035      0
1350.666370       7.29      4.35   17.685   0.027      0
1352.806437     -16.07      3.76   17.843   0.027   1024
1353.703106       1.48      5.64   17.722   0.037      0
1354.744564       7.80      5.24   17.682   0.033      0
1355.652063       5.92      5.82   17.694   0.037      0
1359.607898       1.15     14.25   17.724   0.093      0
1360.796544      -3.70      5.65   17.757   0.038      0
1364.764487     -17.34      6.18   17.852   0.045      0
1365.658059       8.23      5.60   17.679   0.035      0
1366.727783       0.17      4.84   17.731   0.032      0
1367.744915       4.96      5.48   17.700   0.035      0
1368.739394     -31.80      4.46   17.963   0.036      0
1369.682936     -26.45      4.90   17.921   0.038      0
1374.789837     -40.72      5.16   18.038   0.045      0
1375.713347     -33.62      4.42   17.978   0.036      0
1376.594369       3.95      3.75   17.706   0.024      0
1394.700841      -8.98      5.86   17.793   0.041      0
1395.800564       4.15      8.82   17.705   0.056      0
1397.791547       1.52      9.99   17.722   0.065      0
1398.751390     -36.26      4.43   18.000   0.037      0
1399.746566       7.67      5.91   17.683   0.037      0
1401.641621      -2.51      4.47   17.749   0.030      0
1402.744968      -4.97      4.87   17.765   0.033      0
1408.617643      -2.15      4.50   17.746   0.030      0
1415.656063      -0.45      6.72   17.735   0.044      0
1416.662540     -29.03      4.92   17.941   0.039      0
1418.740810      -4.70      6.89   17.763   0.047      0
1431.675471     -25.89      6.45   17.917   0.050      0
1435.574865       7.66      6.36   17.683   0.040      0
1437.543667       7.27      5.40   17.685   0.034      0
1442.524927      -7.65      6.48   17.783   0.045      0
1447.522454      -4.35      6.18   17.761   0.042      0
1450.500689       8.01      4.84   17.681   0.030      0
1458.573230     -20.30      8.08   17.874   0.060      0
1461.581250     -40.36      5.21   18.035   0.045      0
1472.549925      -0.21     11.70   17.733   0.077      0
