bul_sc42_2087.dat 0.116341845202 7.014133 0.104188 5.309747 0 -2.987662 13.315900
bul_sc46_797.dat 0.198390940613 11.155127 0.110152 5.400530 0 -8.006190 124.385953
bul_sc49_538.dat 0.113788483049 9.431288 0.128441 5.421800 0 5.906562 37.631518
bul_sc42_2087.dat 0.116341845202 7.014133 0.104188 5.309747 0 -2.987662 13.315900
bul_sc46_797.dat 0.198390940613 11.155127 0.110152 5.400530 0 -8.006190 124.385953
bul_sc49_538.dat 0.113788483049 9.431288 0.128441 5.421800 0 5.906562 37.631518
bul_sc42_2087.dat 0.116341845202 7.014133 0.104188 5.309747 0 -2.987662 13.315900
bul_sc46_797.dat 0.198390940613 11.155127 0.110152 5.400530 0 -8.006190 124.385953
bul_sc49_538.dat 0.113788483049 9.431288 0.128441 5.421800 0 5.906562 37.631518
bul_sc42_2087.dat 0.116341845202 7.014133 0.104188 5.309747 0 -2.987662 13.315900
bul_sc46_797.dat 0.198390940613 11.155127 0.110152 5.400530 0 -8.006190 124.385953
bul_sc49_538.dat 0.113788483049 9.431288 0.128441 5.421800 0 5.906562 37.631518
