# What fields are close to the fields of interest?
# format: field_of_interest,all_other_neighboring_fields (arbitrary length list)
199,199,154,198,155,197,153,115,292,242
081,081,115
133,133,096,095,132,173,174,175,134
160,160,159,161,204,205,206,203
248,248,247,249,203,204
389,389,388,341,342
115,115,081,114,153,154,155
247,247,248,203,294,293
311,311,358,309,357
242,242,289,241,288,196,197,198
218,218,219,173,174
215,215,214,216,259,170,169
216,216,215,170
169,169,168,170,128,214,213,215
159,159,160,203,204,205
093,093,061,062,063,128,170
132,132,095,096,133,173,174
088,088,087,089,123,124,125
086,086,087,123,161
